-0.006154202569340588    72.18488426178239
0.5152822800458753    72.53179932725084
1.0060479222091894    74.40944465472485
1.5063737022860384    75.10713086924272
1.9827832321696452    74.92535418844085
2.5016985705236197    74.86197557432088
2.9991336051531956    76.04384145676364
3.511888788271263    76.9582914856486
4.009515464469274    76.78219013154425
4.501177867501305    77.50419781443036
4.993294163699682    77.6484284470595
5.501905111597549    77.64692246023351
6.003792031384225    78.88928981142894
6.507638966773574    78.4332241432148
6.9759533700728165    79.78528026032699
7.509585576174238    80.14343455387966
7.987473125698413    81.40451479265788
8.504299168411485    81.1209338944561
9.009150135119645    81.70275914391212
9.48940065979683    81.61643021502725
9.988856722128851    82.80606155553586
10.498993545307188    83.04555100850561
11.004460720955569    83.12718819329623
11.52333016789338    84.51009953561824
12.000866957668212    85.08893498047642
12.504218760636997    86.03662697731707
13.014294221334284    85.74316878799677
13.48738475177752    85.793044581864
13.99910147883501    86.29478457379695
14.510627285588686    87.22322667508419
14.986497394725763    87.19450323854382
15.508275491345906    88.08055026617006
16.014483723809583    88.8906182226554
16.50131783553497    89.2773151461597
16.997995831775597    90.00246977382261
17.504305466126294    90.19791234686788
17.997236979074057    90.85331145939308
18.517479909263166    91.11220440532712
19.019803806309298    91.50292232992572
19.49468940534164    92.00377148779201
